-4.909910
-4.819820
-4.729730
-4.639640
-4.549550
-4.459459
-4.369369
-4.279279
-4.189189
-4.099099
-4.009009
-3.918919
-3.828829
-3.738739
-3.648649
-3.558559
-3.468468
-3.378378
-3.288288
-3.198198
-3.108108
-3.018018
-2.927928
-2.837838
-2.747748
-2.657658
-2.567568
-2.477477
-2.387387
-2.297297
-2.207207
-2.117117
-2.027027
-1.936937
-1.846847
-1.756757
-1.666667
-1.576577
-1.486486
-1.396396
-1.306306
-1.216216
-1.126126
-1.036036
-0.945946
-0.855856
-0.765766
-0.675676
-0.585586
-0.495495
-0.405405
-0.315315
-0.225225
-0.135135
-0.045045
0.045045
0.135135
0.225225
0.315315
0.405405
0.495495
0.585586
0.675676
0.765766
0.855856
0.945946
1.036036
1.126126
1.216216
1.306306
1.396396
1.486486
1.576577
1.666667
1.756757
1.846847
1.936937
2.027027
2.117117
2.207207
2.297297
2.387387
2.477477
2.567568
2.657658
2.747748
2.837838
2.927928
3.018018
3.108108
3.198198
3.288288
3.378378
3.468468
3.558559
3.648649
3.738739
3.828829
3.918919
4.009009
4.099099
4.189189
4.279279
4.369369
4.459459
4.549550
4.639640
4.729730
4.819820
4.909910
